0 1 1
0 421 1
1 257 1
1 2 1
1 131 1
1 537 1
1 86 1
1 6 1
1 135 1
1 8 8
1 137 1
1 394 1
1 395 1
1 397 1
1 14 1
1 527 1
1 17 1
1 18 1
1 532 1
1 21 1
1 279 1
1 25 1
1 483 1
1 491 1
1 289 1
1 262 1
1 376 1
1 39 2
1 428 1
1 430 1
1 47 1
1 520 1
1 51 1
1 438 1
1 183 1
1 117 1
1 74 1
1 63 2
1 448 1
1 66 2
1 452 1
1 326 1
1 199 1
1 330 1
1 522 1
1 77 1
1 79 1
1 208 1
1 337 1
1 83 1
1 270 1
1 214 1
1 343 1
1 216 2
1 226 1
1 123 1
1 209 1
1 380 1
1 107 2
1 236 1
1 191 2
1 366 1
1 369 1
1 114 2
1 373 1
1 511 1
1 120 1
1 319 1
1 124 1
1 383 1
2 192 1
2 3 1
2 7 1
2 232 1
2 43 1
2 76 1
2 78 1
3 10 1
4 5 41
4 6 1
4 55 1
4 54 1
4 42 2
4 7 1
5 402 1
5 510 1
5 55 1
6 321 1
6 323 1
6 230 1
6 8 1
6 362 1
6 500 1
6 175 1
6 280 1
6 244 1
6 85 1
6 310 1
6 55 1
6 344 1
6 249 1
6 220 1
7 193 1
7 514 1
7 131 1
7 132 1
7 51 1
7 172 1
7 74 3
7 267 1
7 270 1
7 143 1
7 530 1
7 211 1
7 21 1
7 536 1
7 363 1
7 223 1
7 457 1
7 99 1
7 518 1
7 38 1
7 295 1
7 360 1
7 124 1
7 95 1
7 167 1
7 44 1
7 429 1
7 381 1
7 112 2
7 113 1
7 243 2
7 436 1
7 106 1
7 479 1
7 183 2
7 121 1
7 251 1
7 252 3
7 10 2
7 85 1
7 63 1
8 387 1
8 453 1
8 41 1
8 42 1
8 46 3
8 176 1
8 116 1
8 181 1
8 9 1
8 250 1
8 170 1
8 69 1
9 193 1
9 66 4
9 107 5
9 452 1
9 263 1
9 201 1
9 458 1
9 459 1
9 140 1
9 14 1
9 499 1
9 144 2
9 209 1
9 147 1
9 121 1
9 115 1
9 89 4
9 152 1
9 25 1
9 411 1
9 285 1
9 280 1
9 223 1
9 160 1
9 163 1
9 484 1
9 229 1
9 358 1
9 231 1
9 71 1
9 47 3
9 99 1
9 51 2
9 32 1
9 182 1
9 457 1
9 249 1
9 122 1
9 351 1
9 508 1
9 63 3
10 516 1
10 18 1
10 11 1
10 92 1
11 124 1
11 108 5
12 504 1
12 13 1
13 54 1
14 228 1
14 28 3
14 141 1
14 31 1
15 16 1
17 169 1
17 282 1
17 165 1
19 20 1
21 37 1
21 22 4
21 327 1
21 56 1
21 42 2
21 46 1
22 410 1
22 438 1
23 24 1
23 37 1
25 153 1
25 52 1
25 399 1
26 27 1
539 540 1
29 30 1
32 33 1
32 156 1
32 52 1
32 493 1
32 509 1
33 304 1
34 128 1
34 385 1
34 162 1
34 35 187
34 489 1
34 141 1
34 111 2
34 116 1
34 249 1
34 148 1
34 444 1
34 61 1
34 52 1
36 37 1
37 99 1
37 55 1
39 40 1
39 488 1
41 470 1
41 158 1
42 256 4
42 51 3
42 133 3
42 364 1
42 138 1
42 140 1
42 145 2
42 275 1
42 534 1
42 281 2
42 154 1
42 474 1
42 158 1
42 159 1
42 305 1
42 168 1
42 42 2
42 455 1
42 301 1
42 174 1
42 413 1
42 72 1
42 435 1
42 309 1
42 57 1
42 318 1
42 63 4
42 320 1
42 193 1
42 49 1
42 325 1
42 199 1
42 456 1
42 74 1
42 85 3
42 218 1
42 221 1
42 96 1
42 487 1
42 361 1
42 107 5
42 492 1
42 375 1
42 252 1
42 383 1
44 490 1
44 76 1
44 45 1
46 224 1
46 96 2
46 338 1
46 75 1
46 277 1
46 51 1
46 501 1
46 538 1
46 287 1
46 63 2
47 48 1
47 185 1
47 56 1
49 153 1
49 50 2
49 119 2
51 417 1
51 130 1
51 67 1
51 52 10
51 134 1
51 56 3
51 396 2
51 290 1
51 302 1
52 257 1
52 196 1
52 136 1
52 96 1
52 269 1
52 493 1
52 529 1
52 210 1
52 121 3
52 280 1
52 154 1
52 347 1
52 346 1
52 160 1
52 98 1
52 163 1
52 423 1
52 105 1
52 237 1
52 303 1
52 243 1
52 244 1
52 118 1
52 313 1
52 445 1
52 127 1
53 54 2
53 247 1
54 355 4
54 306 1
54 79 2
54 293 1
54 309 1
55 382 1
55 431 1
56 193 1
56 66 2
56 62 1
56 166 1
56 359 1
56 73 2
56 270 1
57 153 1
57 58 1
57 466 1
57 294 1
58 286 1
59 60 2
60 96 3
60 107 1
60 99 1
60 70 1
60 215 1
60 521 1
60 203 1
60 143 1
60 350 1
60 63 1
63 352 1
63 515 1
63 419 1
63 324 1
63 69 2
63 225 1
63 282 1
63 533 1
63 142 1
63 245 1
64 65 1
66 259 1
66 67 1
66 68 1
66 110 1
66 134 1
67 194 1
67 163 1
67 342 1
67 70 1
67 361 1
67 296 1
67 363 1
67 202 1
67 219 1
67 318 1
68 107 1
68 131 1
69 384 1
69 385 1
69 132 1
69 296 3
69 233 1
69 503 1
69 365 1
69 143 1
69 433 1
69 498 1
69 407 1
69 184 1
69 388 1
69 378 1
69 318 1
70 284 1
72 110 1
74 128 1
74 418 1
74 139 1
74 142 1
75 345 1
75 76 2
75 422 1
75 398 1
76 440 1
76 322 3
76 195 1
76 149 1
76 374 1
76 481 1
76 248 1
76 486 1
76 150 1
76 287 2
79 80 1
79 463 1
81 82 1
83 84 1
85 268 2
85 294 1
87 88 1
87 283 1
89 164 1
89 493 1
90 91 2
91 409 1
93 502 1
93 94 1
95 129 1
96 97 1
96 114 1
96 292 1
96 225 1
99 282 1
99 155 1
99 100 1
99 238 2
99 134 1
101 213 1
101 102 1
102 278 1
103 104 1
103 255 1
107 130 1
109 110 1
110 288 1
110 297 1
110 346 1
110 525 1
110 246 1
112 526 1
112 134 2
112 405 1
112 198 1
112 406 1
113 512 1
113 114 1
114 335 1
122 134 1
124 171 4
125 125 1
125 126 1
126 361 1
126 183 1
131 273 1
131 274 1
131 531 1
133 259 1
133 134 1
134 496 1
134 408 1
134 306 1
134 467 1
134 197 1
134 407 1
134 200 1
134 186 1
134 349 1
134 442 1
143 254 1
145 146 4
150 151 1
153 257 1
153 473 1
153 179 1
153 243 1
153 439 1
153 441 1
153 460 1
153 415 1
154 449 1
154 316 1
155 227 1
156 432 1
156 157 1
156 222 1
157 238 2
161 162 1
167 314 1
168 169 1
170 180 1
172 348 1
172 173 1
174 507 1
177 178 1
178 200 1
181 517 1
186 512 1
187 188 1
187 454 2
189 190 7
191 391 1
192 256 1
192 287 1
193 480 1
193 339 1
197 198 1
198 443 1
204 205 2
206 207 1
212 213 1
213 416 1
216 240 1
216 217 1
218 396 1
225 519 1
228 228 1
234 291 1
234 235 1
234 476 1
238 264 1
238 336 1
238 528 1
239 240 1
241 242 1
247 482 1
249 352 1
252 253 1
257 408 1
257 258 3
257 315 1
259 376 1
260 261 1
265 266 1
266 372 3
270 300 1
270 271 1
271 412 1
272 273 1
275 276 1
280 290 1
281 282 1
281 420 1
281 535 1
282 310 1
298 299 1
305 413 1
307 308 1
310 524 1
311 312 1
314 372 1
316 317 2
328 329 1
331 332 1
333 334 1
340 341 1
342 401 1
353 354 1
354 434 1
356 357 1
366 400 1
367 368 1
370 371 1
371 371 1
371 475 1
376 377 1
376 379 1
376 414 1
385 386 1
385 523 1
389 390 1
392 393 1
403 404 1
407 422 1
424 425 1
426 427 1
436 437 1
446 447 1
450 451 1
452 485 1
461 462 1
464 465 1
465 497 1
468 469 1
471 472 1
477 478 1
494 495 1
505 506 2
511 513 1
